   4.4663342e-04
   1.7506687e-04
   1.2512238e-04
   9.7853083e-05
   6.9383418e-05
   6.2616723e-05
   5.5986432e-05
   4.8527445e-05
   4.2757988e-05
   3.6300488e-05
   3.3039934e-05
   3.2096927e-05
   3.0217754e-05
   2.8485017e-05
   2.7567944e-05
   2.4370672e-05
   2.3473661e-05
   2.2999141e-05
   2.1319196e-05
   2.0903845e-05
   2.0280019e-05
   1.9607168e-05
   1.8871410e-05
   1.8730253e-05
   1.8076749e-05
   1.7722139e-05
   1.7626432e-05
   1.7543411e-05
   1.7293770e-05
   1.7099474e-05
   1.7019403e-05
   1.6944717e-05
   1.6901405e-05
   1.6847898e-05
   1.6732683e-05
   1.6680699e-05
   1.6650722e-05
   1.6540693e-05
   1.6433391e-05
   1.6240709e-05
   1.5974975e-05
   1.5771023e-05
   1.5508123e-05
   1.5239926e-05
   1.4609765e-05
   1.3981244e-05
   1.3927421e-05
   1.3208786e-05
   1.3142600e-05
   1.2814769e-05
   1.2766714e-05
   1.2566035e-05
   1.2481528e-05
   1.2273969e-05
   1.2248919e-05
   1.2011409e-05
   1.1863136e-05
   1.1721449e-05
   1.1694853e-05
   1.1688514e-05
   1.1639256e-05
   1.1580043e-05
   1.1539108e-05
   1.1494696e-05
   1.1462273e-05
   1.1428728e-05
   1.1347721e-05
   1.1184344e-05
   1.1025425e-05
   1.0545595e-05
   1.0461614e-05
   1.0355274e-05
   1.0265775e-05
   1.0080428e-05
   9.8261180e-06
   9.7123589e-06
   9.5300391e-06
   9.3976772e-06
   9.3425061e-06
   9.0988282e-06
   9.0076074e-06
   8.9347730e-06
   8.8929586e-06
   8.8253884e-06
   8.7323299e-06
   8.6799257e-06
   8.6255211e-06
   8.6022424e-06
   8.5730522e-06
   8.5158887e-06
   8.5013645e-06
   8.4371719e-06
   8.4134229e-06
   8.3893419e-06
   8.3473542e-06
   8.3047689e-06
   8.0779267e-06
   7.8886627e-06
   7.7631684e-06
   7.6218396e-06
   7.5308950e-06
   7.4922869e-06
   7.3953133e-06
   7.3026486e-06
   7.1698757e-06
   7.1099314e-06
   7.0782521e-06
   7.0540363e-06
   6.9695617e-06
   6.9141503e-06
   6.8695179e-06
   6.8348278e-06
   6.7731509e-06
   6.7351862e-06
   6.6873263e-06
   6.6555820e-06
   6.5930757e-06
   6.5524994e-06
   6.5176570e-06
   6.5145056e-06
   6.4527297e-06
   6.4319352e-06
   6.2793139e-06
   6.2716037e-06
   6.1495040e-06
   6.0047682e-06
   5.9625688e-06
   5.9124924e-06
   5.9109505e-06
   5.8191455e-06
   5.8015059e-06
   5.7515720e-06
   5.6892433e-06
   5.6569063e-06
   5.6238783e-06
   5.5475799e-06
   5.5274993e-06
   5.4685366e-06
   5.4377916e-06
   5.4163785e-06
   5.3457139e-06
   5.3303102e-06
   5.2803142e-06
   5.2593804e-06
   5.2260224e-06
   5.2060627e-06
   5.1788831e-06
   5.1285160e-06
   5.0737582e-06
   5.0593953e-06
   5.0051042e-06
   4.9927083e-06
   4.8877433e-06
   4.8493325e-06
   4.7962170e-06
   4.7416542e-06
   4.7162085e-06
   4.6847492e-06
   4.6728219e-06
   4.6487023e-06
   4.6005200e-06
   4.5490505e-06
   4.5017845e-06
   4.4901426e-06
   4.4782601e-06
   4.4118905e-06
   4.3995903e-06
   4.3760427e-06
   4.3374034e-06
   4.3004961e-06
   4.2908168e-06
   4.2600505e-06
   4.2191778e-06
   4.1929665e-06
   4.1769240e-06
   4.1652136e-06
   4.1503265e-06
   4.1036557e-06
   4.0849966e-06
   4.0352959e-06
   4.0235659e-06
   3.9651469e-06
   3.9153689e-06
   3.8948502e-06
   3.8753095e-06
   3.8515493e-06
   3.8288876e-06
   3.7967590e-06
   3.7673223e-06
   3.7285086e-06
   3.7194185e-06
   3.7027543e-06
   3.6834082e-06
   3.6672339e-06
   3.6489030e-06
   3.6239095e-06
   3.5988036e-06
   3.5798306e-06
   3.5664360e-06
   3.5299396e-06
   3.5275283e-06
   3.5061654e-06
   3.4844286e-06
   3.4383447e-06
   3.4209579e-06
   3.4038515e-06
   3.3818489e-06
   3.3496960e-06
   3.3316566e-06
   3.3158225e-06
   3.2691331e-06
   3.2621736e-06
   3.2262901e-06
   3.2065305e-06
   3.1920965e-06
   3.1781034e-06
   3.1526116e-06
   3.1340973e-06
   3.1284631e-06
   3.1208674e-06
   3.0872825e-06
   3.0797719e-06
   3.0473051e-06
   3.0408649e-06
   3.0036472e-06
   2.9984533e-06
   2.9773393e-06
   2.9681122e-06
   2.9540414e-06
   2.9403387e-06
   2.9267274e-06
   2.8978703e-06
   2.8776287e-06
   2.8564510e-06
   2.8480788e-06
   2.8264591e-06
   2.8123225e-06
   2.7696827e-06
   2.7553635e-06
   2.7469372e-06
   2.7375791e-06
   2.7217384e-06
   2.7212008e-06
   2.7003741e-06
   2.6978750e-06
   2.6834136e-06
   2.6636709e-06
   2.6514469e-06
   2.6243873e-06
   2.6108669e-06
   2.5884155e-06
   2.5666832e-06
   2.5584344e-06
   2.5492685e-06
   2.5410487e-06
   2.5281636e-06
   2.5197196e-06
   2.5035366e-06
   2.4789174e-06
   2.4537702e-06
   2.4378274e-06
   2.4270905e-06
   2.4026437e-06
   2.4002566e-06
   2.3958897e-06
   2.3796984e-06
   2.3763391e-06
   2.3664238e-06
   2.3510210e-06
   2.3352126e-06
   2.3247262e-06
   2.3143448e-06
   2.2992469e-06
   2.2910720e-06
   2.2688597e-06
   2.2672165e-06
   2.2473527e-06
   2.2430237e-06
   2.2203364e-06
   2.2172489e-06
   2.2029439e-06
   2.1960184e-06
   2.1755391e-06
   2.1682012e-06
   2.1475365e-06
   2.1417000e-06
   2.1376415e-06
   2.1125323e-06
   2.1097380e-06
   2.0900873e-06
   2.0850163e-06
   2.0620745e-06
   2.0567803e-06
   2.0512733e-06
   2.0438388e-06
   2.0350505e-06
   2.0148101e-06
   2.0079633e-06
   2.0058856e-06
   1.9933894e-06
   1.9860492e-06
   1.9733545e-06
   1.9580691e-06
   1.9549051e-06
   1.9346173e-06
   1.9256210e-06
   1.9182806e-06
   1.9150358e-06
   1.8966626e-06
   1.8908813e-06
   1.8782508e-06
   1.8692185e-06
   1.8619876e-06
   1.8505136e-06
   1.8419368e-06
   1.8275922e-06
   1.8200556e-06
   1.8107580e-06
   1.7961335e-06
   1.7929993e-06
   1.7846338e-06
   1.7739828e-06
   1.7678506e-06
   1.7613562e-06
   1.7484692e-06
   1.7405519e-06
   1.7387979e-06
   1.7294599e-06
   1.7270039e-06
   1.7040437e-06
   1.6963391e-06
   1.6909814e-06
   1.6852859e-06
   1.6767901e-06
   1.6697417e-06
   1.6625494e-06
   1.6510120e-06
   1.6427956e-06
   1.6375405e-06
   1.6335664e-06
   1.6225524e-06
   1.6077407e-06
   1.5938476e-06
   1.5908422e-06
   1.5840862e-06
   1.5826385e-06
   1.5680990e-06
   1.5670007e-06
   1.5573834e-06
   1.5527190e-06
   1.5434845e-06
   1.5350078e-06
   1.5324676e-06
   1.5122266e-06
   1.5078454e-06
   1.4931595e-06
   1.4913809e-06
   1.4849982e-06
   1.4801432e-06
   1.4764281e-06
   1.4697687e-06
   1.4618396e-06
   1.4528115e-06
   1.4491345e-06
   1.4397726e-06
   1.4308481e-06
   1.4233572e-06
   1.4198451e-06
   1.4102671e-06
   1.4026833e-06
   1.3939043e-06
   1.3881411e-06
   1.3806785e-06
   1.3748965e-06
   1.3713337e-06
   1.3628134e-06
   1.3600032e-06
   1.3558304e-06
   1.3465052e-06
   1.3381325e-06
   1.3322597e-06
   1.3223617e-06
   1.3208906e-06
   1.3157182e-06
   1.3046883e-06
   1.3034633e-06
   1.2955384e-06
   1.2867966e-06
   1.2795030e-06
   1.2766947e-06
   1.2706737e-06
   1.2658328e-06
   1.2612765e-06
   1.2588107e-06
   1.2443892e-06
   1.2425351e-06
   1.2365484e-06
   1.2283476e-06
   1.2171408e-06
   1.2112913e-06
   1.2094574e-06
   1.2061801e-06
   1.1958894e-06
   1.1939188e-06
   1.1875519e-06
   1.1854566e-06
   1.1852524e-06
   1.1768314e-06
   1.1672544e-06
   1.1548890e-06
   1.1533870e-06
   1.1489032e-06
   1.1406215e-06
   1.1344543e-06
   1.1297975e-06
   1.1178829e-06
   1.1132530e-06
   1.1085331e-06
   1.1053239e-06
   1.0994746e-06
   1.0911204e-06
   1.0851823e-06
   1.0808572e-06
   1.0758398e-06
   1.0708977e-06
   1.0671962e-06
   1.0568469e-06
   1.0544429e-06
   1.0508920e-06
   1.0420165e-06
   1.0384445e-06
   1.0359259e-06
   1.0286910e-06
   1.0214460e-06
   1.0180829e-06
   1.0123024e-06
   1.0091038e-06
   1.0013856e-06
   9.9920241e-07
   9.9357288e-07
   9.8891049e-07
   9.7901162e-07
   9.7561588e-07
   9.6609454e-07
   9.6052094e-07
   9.5987536e-07
   9.5166010e-07
   9.4589017e-07
   9.3913617e-07
   9.3585101e-07
   9.3326037e-07
   9.2478491e-07
   9.1455843e-07
   9.1058725e-07
   9.0413369e-07
   9.0320555e-07
   9.0271683e-07
   8.9356750e-07
   8.9255503e-07
   8.8753443e-07
   8.8316875e-07
   8.7765914e-07
   8.7111589e-07
   8.6798771e-07
   8.6205485e-07
   8.5562471e-07
   8.5306435e-07
   8.4747747e-07
   8.4433157e-07
   8.3611449e-07
   8.3391884e-07
   8.2800398e-07
   8.1935739e-07
   8.1691379e-07
   8.1346977e-07
   8.0911894e-07
   8.0364639e-07
   7.9620286e-07
   7.9251679e-07
   7.8954546e-07
   7.8302957e-07
   7.8194550e-07
   7.7395169e-07
   7.6919822e-07
   7.6100484e-07
   7.5296845e-07
   7.4032723e-07
   7.3642110e-07
   7.3451934e-07
   7.3319264e-07
   7.2511369e-07
   7.1480736e-07
   7.1049641e-07
   6.9669511e-07
   6.8199939e-07
   6.7340639e-07
   6.6038870e-07
   6.5303197e-07
   6.3395887e-07
   6.0604580e-07
