   27.500000000000000        2.5000000000000001E-002  0.17187259999999999     
   27.500000000000000        7.4999999999999997E-002  0.16861460000000000     
   27.500000000000000       0.12500000000000000       0.17584540000000001     
   27.500000000000000       0.17499999999999999       0.16805539999999999     
   27.500000000000000       0.22500000000000001       0.16468500000000000     
   27.500000000000000       0.27500000000000002       0.16124319999999998     
   27.500000000000000       0.32500000000000001       0.16322280000000000     
   27.500000000000000       0.37500000000000000       0.14879560000000000     
   27.500000000000000       0.42499999999999999       0.15177400000000002     
   27.500000000000000       0.47499999999999998       0.14177940000000000     
   27.500000000000000       0.52500000000000002       0.13541600000000001     
   27.500000000000000       0.57499999999999996       0.12495360000000000     
   27.500000000000000       0.62500000000000000       0.11273439999999998     
   27.500000000000000       0.67500000000000004       0.10631080000000000     
   27.500000000000000       0.72499999999999998        9.2251699999999992E-002
   27.500000000000000       0.77500000000000002        9.0111379999999991E-002
   27.500000000000000       0.82499999999999996        8.8321179999999999E-002
   27.500000000000000       0.87500000000000000        7.3573399999999997E-002
   27.500000000000000       0.92500000000000004        7.2435240000000012E-002
   27.500000000000000       0.97499999999999998        6.9044960000000002E-002
   32.500000000000000        2.5000000000000001E-002  0.12044700000000000     
   32.500000000000000        7.4999999999999997E-002  0.12735500000000000     
   32.500000000000000       0.12500000000000000       0.12241580000000001     
   32.500000000000000       0.17499999999999999       0.11549980000000000     
   32.500000000000000       0.22500000000000001       0.11713499999999999     
   32.500000000000000       0.27500000000000002       0.11216640000000000     
   32.500000000000000       0.32500000000000001       0.10217285999999999     
   32.500000000000000       0.37500000000000000       0.10011262000000001     
   32.500000000000000       0.42499999999999999       0.10111946000000001     
   32.500000000000000       0.47499999999999998        9.4458479999999997E-002
   32.500000000000000       0.52500000000000002        8.8367879999999996E-002
   32.500000000000000       0.57499999999999996        7.8733020000000001E-002
   32.500000000000000       0.62500000000000000        7.8435779999999997E-002
   32.500000000000000       0.67500000000000004        7.5235819999999995E-002
   32.500000000000000       0.72499999999999998        6.3467479999999993E-002
   32.500000000000000       0.77500000000000002        5.0679019999999998E-002
   32.500000000000000       0.82499999999999996        4.9991479999999998E-002
   32.500000000000000       0.87500000000000000        4.2391800000000000E-002
   32.500000000000000       0.92500000000000004        3.9366920000000000E-002
   32.500000000000000       0.97499999999999998        3.6264859999999996E-002
   37.500000000000000        2.5000000000000001E-002   8.2221380000000011E-002
   37.500000000000000        7.4999999999999997E-002   8.2502960000000000E-002
   37.500000000000000       0.12500000000000000        7.9935740000000005E-002
   37.500000000000000       0.17499999999999999        7.6235300000000006E-002
   37.500000000000000       0.22500000000000001        7.6780299999999996E-002
   37.500000000000000       0.27500000000000002        7.5901199999999988E-002
   37.500000000000000       0.32500000000000001        7.0631400000000011E-002
   37.500000000000000       0.37500000000000000        7.1608200000000011E-002
   37.500000000000000       0.42499999999999999        7.2236739999999994E-002
   37.500000000000000       0.47499999999999998        6.3410659999999994E-002
   37.500000000000000       0.52500000000000002        6.3837740000000004E-002
   37.500000000000000       0.57499999999999996        6.0272960000000000E-002
   37.500000000000000       0.62500000000000000        5.1012199999999994E-002
   37.500000000000000       0.67500000000000004        4.9574239999999999E-002
   37.500000000000000       0.72499999999999998        4.1806580000000003E-002
   37.500000000000000       0.77500000000000002        3.3789560000000003E-002
   37.500000000000000       0.82499999999999996        3.3878720000000001E-002
   37.500000000000000       0.87500000000000000        2.1572299999999999E-002
   37.500000000000000       0.92500000000000004        1.5849800000000001E-002
   37.500000000000000       0.97499999999999998        1.9186580000000002E-002
   42.500000000000000        2.5000000000000001E-002   6.2331539999999984E-002
   42.500000000000000        7.4999999999999997E-002   6.1005860000000002E-002
   42.500000000000000       0.12500000000000000        5.6416980000000005E-002
   42.500000000000000       0.17499999999999999        5.4626680000000004E-002
   42.500000000000000       0.22500000000000001        5.6670559999999995E-002
   42.500000000000000       0.27500000000000002        4.9130439999999997E-002
   42.500000000000000       0.32500000000000001        5.3222060000000002E-002
   42.500000000000000       0.37500000000000000        4.9977419999999995E-002
   42.500000000000000       0.42499999999999999        4.7727679999999995E-002
   42.500000000000000       0.47499999999999998        4.4656640000000004E-002
   42.500000000000000       0.52500000000000002        4.7091260000000003E-002
   42.500000000000000       0.57499999999999996        4.1864980000000010E-002
   42.500000000000000       0.62500000000000000        3.4296359999999998E-002
   42.500000000000000       0.67500000000000004        3.5753359999999998E-002
   42.500000000000000       0.72499999999999998        2.5675020000000000E-002
   42.500000000000000       0.77500000000000002        2.4815100000000000E-002
   42.500000000000000       0.82499999999999996        1.6094536000000000E-002
   42.500000000000000       0.87500000000000000        6.4784100000000013E-003
   42.500000000000000       0.92500000000000004        6.3043806000000011E-003
   42.500000000000000       0.97499999999999998        6.8742839999999996E-003
   47.500000000000000        2.5000000000000001E-002   4.3535799999999999E-002
   47.500000000000000        7.4999999999999997E-002   4.8672439999999997E-002
   47.500000000000000       0.12500000000000000        4.4063520000000002E-002
   47.500000000000000       0.17499999999999999        4.4984540000000003E-002
   47.500000000000000       0.22500000000000001        3.7309720000000005E-002
   47.500000000000000       0.27500000000000002        3.7676600000000005E-002
   47.500000000000000       0.32500000000000001        3.9831999999999992E-002
   47.500000000000000       0.37500000000000000        3.8581779999999996E-002
   47.500000000000000       0.42499999999999999        3.5339419999999996E-002
   47.500000000000000       0.47499999999999998        3.3830819999999998E-002
   47.500000000000000       0.52500000000000002        3.3131879999999996E-002
   47.500000000000000       0.57499999999999996        2.7620940000000000E-002
   47.500000000000000       0.62500000000000000        2.8068680000000002E-002
   47.500000000000000       0.67500000000000004        2.3772359999999999E-002
   47.500000000000000       0.72499999999999998        1.8394160000000000E-002
   47.500000000000000       0.77500000000000002        1.0654414000000001E-002
   47.500000000000000       0.82499999999999996        5.2642779999999998E-003
   47.500000000000000       0.87500000000000000        6.8602419999999999E-003
   47.500000000000000       0.92500000000000004       -1.6942664000000004E-003
   47.500000000000000       0.97499999999999998       -4.0105740000000010E-004
   52.500000000000000        2.5000000000000001E-002   3.3206479999999997E-002
   52.500000000000000        7.4999999999999997E-002   3.4711899999999997E-002
   52.500000000000000       0.12500000000000000        3.2959519999999999E-002
   52.500000000000000       0.17499999999999999        3.2315320000000002E-002
   52.500000000000000       0.22500000000000001        2.9682580000000004E-002
   52.500000000000000       0.27500000000000002        3.0371840000000001E-002
   52.500000000000000       0.32500000000000001        2.9921559999999996E-002
   52.500000000000000       0.37500000000000000        2.9916599999999998E-002
   52.500000000000000       0.42499999999999999        2.8059939999999998E-002
   52.500000000000000       0.47499999999999998        2.3985040000000003E-002
   52.500000000000000       0.52500000000000002        2.5705020000000002E-002
   52.500000000000000       0.57499999999999996        1.7774200000000000E-002
   52.500000000000000       0.62500000000000000        1.7078374000000000E-002
   52.500000000000000       0.67500000000000004        1.3577867999999998E-002
   52.500000000000000       0.72499999999999998        1.4765921999999997E-002
   52.500000000000000       0.77500000000000002        8.4036219999999995E-003
   52.500000000000000       0.82499999999999996        3.3657482000000001E-003
   52.500000000000000       0.87500000000000000        2.3866439999999994E-003
   52.500000000000000       0.92500000000000004       -1.0443400000000012E-004
   52.500000000000000       0.97499999999999998       -6.5694179999999987E-003
   57.500000000000000        2.5000000000000001E-002   2.3516840000000001E-002
   57.500000000000000        7.4999999999999997E-002   2.5890420000000004E-002
   57.500000000000000       0.12500000000000000        2.6424300000000001E-002
   57.500000000000000       0.17499999999999999        2.7920199999999999E-002
   57.500000000000000       0.22500000000000001        2.0228659999999999E-002
   57.500000000000000       0.27500000000000002        2.6614840000000001E-002
   57.500000000000000       0.32500000000000001        2.2069600000000002E-002
   57.500000000000000       0.37500000000000000        2.2067559999999996E-002
   57.500000000000000       0.42499999999999999        2.0343000000000000E-002
   57.500000000000000       0.47499999999999998        1.8651259999999996E-002
   57.500000000000000       0.52500000000000002        1.7199399999999997E-002
   57.500000000000000       0.57499999999999996        1.5402580000000003E-002
   57.500000000000000       0.62500000000000000        1.0894101999999999E-002
   57.500000000000000       0.67500000000000004        6.8769620000000004E-003
   57.500000000000000       0.72499999999999998        4.0306685999999996E-003
   57.500000000000000       0.77500000000000002        6.5780620000000000E-003
   57.500000000000000       0.82499999999999996        4.0719579999999997E-003
   57.500000000000000       0.87500000000000000       -5.5200599999999996E-004
   57.500000000000000       0.92500000000000004       -3.7365499999999995E-003
   57.500000000000000       0.97499999999999998       -1.0160999999999998E-003
   62.500000000000000        2.5000000000000001E-002   2.2277920000000000E-002
   62.500000000000000        7.4999999999999997E-002   2.4681900000000000E-002
   62.500000000000000       0.12500000000000000        2.1634939999999998E-002
   62.500000000000000       0.17499999999999999        2.0743640000000001E-002
   62.500000000000000       0.22500000000000001        2.2126139999999999E-002
   62.500000000000000       0.27500000000000002        2.0753779999999999E-002
   62.500000000000000       0.32500000000000001        1.8937959999999997E-002
   62.500000000000000       0.37500000000000000        1.8034419999999999E-002
   62.500000000000000       0.42499999999999999        1.6558220000000002E-002
   62.500000000000000       0.47499999999999998        1.2172015999999997E-002
   62.500000000000000       0.52500000000000002        1.2279394000000003E-002
   62.500000000000000       0.57499999999999996        1.2409972000000000E-002
   62.500000000000000       0.62500000000000000        8.7702100000000005E-003
   62.500000000000000       0.67500000000000004        6.3156279999999993E-003
   62.500000000000000       0.72499999999999998        6.5441470000000002E-003
   62.500000000000000       0.77500000000000002        2.1530240000000003E-003
   62.500000000000000       0.82499999999999996        3.1395041999999996E-003
   62.500000000000000       0.87500000000000000       -2.0924400000000001E-003
   62.500000000000000       0.92500000000000004       -5.3663879999999997E-003
   62.500000000000000       0.97499999999999998       -4.8510260000000005E-004
   67.500000000000000        2.5000000000000001E-002   1.6040920000000000E-002
   67.500000000000000        7.4999999999999997E-002   1.3112866000000001E-002
   67.500000000000000       0.12500000000000000        1.6224099999999998E-002
   67.500000000000000       0.17499999999999999        1.9444540000000000E-002
   67.500000000000000       0.22500000000000001        1.6818039999999999E-002
   67.500000000000000       0.27500000000000002        1.6166540000000000E-002
   67.500000000000000       0.32500000000000001        1.6798500000000001E-002
   67.500000000000000       0.37500000000000000        1.7255859999999998E-002
   67.500000000000000       0.42499999999999999        1.0017158000000000E-002
   67.500000000000000       0.47499999999999998        9.6994179999999996E-003
   67.500000000000000       0.52500000000000002        9.1741860000000008E-003
   67.500000000000000       0.57499999999999996        6.3989940000000007E-003
   67.500000000000000       0.62500000000000000        4.7978726000000001E-003
   67.500000000000000       0.67500000000000004        3.4390269800000004E-003
   67.500000000000000       0.72499999999999998        8.0637742000000021E-004
   67.500000000000000       0.77500000000000002       -6.2794079999999996E-004
   67.500000000000000       0.82499999999999996       -2.5580075999999999E-003
   67.500000000000000       0.87500000000000000       -2.2384420000000002E-003
   67.500000000000000       0.92500000000000004       -6.5564780000000001E-003
   67.500000000000000       0.97499999999999998       -5.5589756000000001E-003
   72.500000000000000        2.5000000000000001E-002   1.4311120000000000E-002
   72.500000000000000        7.4999999999999997E-002   1.2375120000000000E-002
   72.500000000000000       0.12500000000000000        1.3484688000000000E-002
   72.500000000000000       0.17499999999999999        1.3430320000000001E-002
   72.500000000000000       0.22500000000000001        1.2886419999999999E-002
   72.500000000000000       0.27500000000000002        1.3128798000000001E-002
   72.500000000000000       0.32500000000000001        1.1470935999999999E-002
   72.500000000000000       0.37500000000000000        1.0857488000000000E-002
   72.500000000000000       0.42499999999999999        8.8551500000000009E-003
   72.500000000000000       0.47499999999999998        1.1262912000000000E-002
   72.500000000000000       0.52500000000000002        4.9158500000000003E-003
   72.500000000000000       0.57499999999999996        1.6927086599999998E-003
   72.500000000000000       0.62500000000000000        1.6231759999999998E-003
   72.500000000000000       0.67500000000000004        7.0754200000000002E-004
   72.500000000000000       0.72499999999999998       -1.3050540000000002E-003
   72.500000000000000       0.77500000000000002       -1.4579186000000001E-003
   72.500000000000000       0.82499999999999996       -1.8715488000000003E-003
   72.500000000000000       0.87500000000000000       -1.2523739999999999E-003
   72.500000000000000       0.92500000000000004       -7.7931619999999993E-003
   72.500000000000000       0.97499999999999998       -1.5339270000000000E-003
   77.500000000000000        2.5000000000000001E-002   1.2167948000000000E-002
   77.500000000000000        7.4999999999999997E-002   1.0498829999999999E-002
   77.500000000000000       0.12500000000000000        1.2883954000000000E-002
   77.500000000000000       0.17499999999999999        9.0587539999999987E-003
   77.500000000000000       0.22500000000000001        9.4172719999999991E-003
   77.500000000000000       0.27500000000000002        1.3526308000000001E-002
   77.500000000000000       0.32500000000000001        9.4444699999999999E-003
   77.500000000000000       0.37500000000000000        1.0771314000000001E-002
   77.500000000000000       0.42499999999999999        9.4371460000000004E-003
   77.500000000000000       0.47499999999999998        5.5922719999999997E-003
   77.500000000000000       0.52500000000000002        6.9450174000000005E-003
   77.500000000000000       0.57499999999999996        2.1497272000000002E-003
   77.500000000000000       0.62500000000000000        5.6287260000000016E-004
   77.500000000000000       0.67500000000000004        1.7247989999999997E-003
   77.500000000000000       0.72499999999999998       -2.0297779999999999E-003
   77.500000000000000       0.77500000000000002       -2.0031739999999999E-003
   77.500000000000000       0.82499999999999996        1.8945139999999999E-004
   77.500000000000000       0.87500000000000000       -6.5974601999999995E-003
   77.500000000000000       0.92500000000000004       -4.9374330000000006E-003
   77.500000000000000       0.97499999999999998       -1.9616219999999997E-003
   82.500000000000000        2.5000000000000001E-002   6.9972759999999993E-003
   82.500000000000000        7.4999999999999997E-002   9.4988839999999991E-003
   82.500000000000000       0.12500000000000000        9.5465879999999999E-003
   82.500000000000000       0.17499999999999999        5.5910919999999989E-003
   82.500000000000000       0.22500000000000001        7.6595219999999993E-003
   82.500000000000000       0.27500000000000002        7.8293480000000016E-003
   82.500000000000000       0.32500000000000001        6.8918972000000011E-003
   82.500000000000000       0.37500000000000000        9.3819999999999997E-003
   82.500000000000000       0.42499999999999999        4.5137172000000005E-003
   82.500000000000000       0.47499999999999998        7.2250480000000004E-003
   82.500000000000000       0.52500000000000002        2.6849617999999999E-003
   82.500000000000000       0.57499999999999996        1.0693876000000000E-003
   82.500000000000000       0.62500000000000000        4.9038340000000001E-003
   82.500000000000000       0.67500000000000004        2.7691802000000001E-003
   82.500000000000000       0.72499999999999998        8.4004200000000005E-005
   82.500000000000000       0.77500000000000002        2.0081091999999997E-003
   82.500000000000000       0.82499999999999996       -2.9204386000000002E-003
   82.500000000000000       0.87500000000000000       -3.9916300000000012E-004
   82.500000000000000       0.92500000000000004       -1.5734479999999999E-003
   82.500000000000000       0.97499999999999998       -2.4024640000000000E-003
   87.500000000000000        2.5000000000000001E-002   6.7928687999999991E-003
   87.500000000000000        7.4999999999999997E-002   7.5015699999999991E-003
   87.500000000000000       0.12500000000000000        8.2094160000000006E-003
   87.500000000000000       0.17499999999999999        4.2646239999999998E-003
   87.500000000000000       0.22500000000000001        9.9168820000000001E-003
   87.500000000000000       0.27500000000000002        9.7835680000000012E-003
   87.500000000000000       0.32500000000000001        7.6382039999999983E-003
   87.500000000000000       0.37500000000000000        8.8658859999999999E-003
   87.500000000000000       0.42499999999999999        9.5830320000000000E-003
   87.500000000000000       0.47499999999999998        8.8053599999999999E-003
   87.500000000000000       0.52500000000000002        1.2081918000000000E-003
   87.500000000000000       0.57499999999999996        2.4242666000000002E-003
   87.500000000000000       0.62500000000000000        4.2095390000000000E-003
   87.500000000000000       0.67500000000000004        3.8843660000000002E-003
   87.500000000000000       0.72499999999999998       -3.1328926000000002E-003
   87.500000000000000       0.77500000000000002       -1.3371884000000001E-003
   87.500000000000000       0.82499999999999996       -2.8577844000000001E-003
   87.500000000000000       0.87500000000000000       -2.5588639999999997E-003
   87.500000000000000       0.92500000000000004       -3.0860879999999999E-003
   87.500000000000000       0.97499999999999998       -4.2273860000000013E-004
   92.500000000000000        2.5000000000000001E-002   3.0707899999999999E-003
   92.500000000000000        7.4999999999999997E-002   4.5687319999999998E-003
   92.500000000000000       0.12500000000000000        5.2073699999999994E-003
   92.500000000000000       0.17499999999999999        7.5884019999999993E-003
   92.500000000000000       0.22500000000000001        7.1425760000000003E-003
   92.500000000000000       0.27500000000000002        1.0365136000000000E-002
   92.500000000000000       0.32500000000000001        9.8874479999999983E-003
   92.500000000000000       0.37500000000000000        7.8829500000000014E-003
   92.500000000000000       0.42499999999999999        6.6882960000000007E-003
   92.500000000000000       0.47499999999999998        4.8828139999999992E-003
   92.500000000000000       0.52500000000000002        1.4336239999999999E-003
   92.500000000000000       0.57499999999999996        4.9422136200000010E-003
   92.500000000000000       0.62500000000000000        4.1102760000000004E-003
   92.500000000000000       0.67500000000000004        1.9747434000000003E-003
   92.500000000000000       0.72499999999999998        1.8336160000000002E-003
   92.500000000000000       0.77500000000000002       -1.4464120000000002E-003
   92.500000000000000       0.82499999999999996       -1.8439669999999997E-003
   92.500000000000000       0.87500000000000000       -2.1236808000000000E-003
   92.500000000000000       0.92500000000000004       -3.4880599999999999E-003
   92.500000000000000       0.97499999999999998       -2.9456867600000003E-003
   97.500000000000000        2.5000000000000001E-002   3.7461876000000004E-003
   97.500000000000000        7.4999999999999997E-002   5.7351879999999996E-003
   97.500000000000000       0.12500000000000000        8.5658780000000007E-003
   97.500000000000000       0.17499999999999999        7.8682880000000011E-003
   97.500000000000000       0.22500000000000001        9.6845660000000004E-003
   97.500000000000000       0.27500000000000002        7.0247239999999987E-003
   97.500000000000000       0.32500000000000001        1.0255271999999999E-002
   97.500000000000000       0.37500000000000000        6.8620239999999996E-003
   97.500000000000000       0.42499999999999999        6.8150360000000009E-003
   97.500000000000000       0.47499999999999998        5.6155360000000000E-003
   97.500000000000000       0.52500000000000002        7.2058539999999994E-003
   97.500000000000000       0.57499999999999996        3.6310504799999996E-003
   97.500000000000000       0.62500000000000000        4.9085120000000003E-003
   97.500000000000000       0.67500000000000004        3.8584279999999997E-003
   97.500000000000000       0.72499999999999998        2.3432899999999997E-004
   97.500000000000000       0.77500000000000002        2.0121648000000002E-003
   97.500000000000000       0.82499999999999996        1.8561019999999997E-003
   97.500000000000000       0.87500000000000000       -6.4096399999999994E-004
   97.500000000000000       0.92500000000000004       -3.1347340199999996E-003
   97.500000000000000       0.97499999999999998       -5.0157599999999989E-004
   102.50000000000000        2.5000000000000001E-002   5.4135360000000000E-003
   102.50000000000000        7.4999999999999997E-002   5.0111480000000000E-003
   102.50000000000000       0.12500000000000000        6.8544940000000000E-003
   102.50000000000000       0.17499999999999999        8.4591440000000000E-003
   102.50000000000000       0.22500000000000001        9.0756199999999995E-003
   102.50000000000000       0.27500000000000002        5.9258979999999998E-003
   102.50000000000000       0.32500000000000001        8.8260000000000005E-003
   102.50000000000000       0.37500000000000000        9.0645880000000002E-003
   102.50000000000000       0.42499999999999999        7.2164040000000000E-003
   102.50000000000000       0.47499999999999998        6.1710540000000005E-003
   102.50000000000000       0.52500000000000002        3.8298804000000005E-003
   102.50000000000000       0.57499999999999996        4.6224320000000010E-003
   102.50000000000000       0.62500000000000000        4.1632582000000005E-003
   102.50000000000000       0.67500000000000004        3.7803160000000001E-003
   102.50000000000000       0.72499999999999998        3.4499953999999992E-003
   102.50000000000000       0.77500000000000002        3.7865679999999997E-003
   102.50000000000000       0.82499999999999996        1.8908562000000001E-003
   102.50000000000000       0.87500000000000000        2.3237739999999998E-003
   102.50000000000000       0.92500000000000004        1.8147621999999998E-003
   102.50000000000000       0.97499999999999998       -1.5938040000000001E-003
   107.50000000000000        2.5000000000000001E-002   3.9230840000000003E-003
   107.50000000000000        7.4999999999999997E-002   5.2565620000000002E-003
   107.50000000000000       0.12500000000000000        3.9497899999999999E-003
   107.50000000000000       0.17499999999999999        5.2138700000000007E-003
   107.50000000000000       0.22500000000000001        4.7410460000000005E-003
   107.50000000000000       0.27500000000000002        7.5372019999999998E-003
   107.50000000000000       0.32500000000000001        7.0634280000000009E-003
   107.50000000000000       0.37500000000000000        7.5687640000000004E-003
   107.50000000000000       0.42499999999999999        7.1901300000000003E-003
   107.50000000000000       0.47499999999999998        5.4535940000000008E-003
   107.50000000000000       0.52500000000000002        6.3771720000000004E-003
   107.50000000000000       0.57499999999999996        5.1494800000000005E-003
   107.50000000000000       0.62500000000000000        1.6537794000000001E-003
   107.50000000000000       0.67500000000000004        2.1341201999999998E-003
   107.50000000000000       0.72499999999999998        2.0597844000000000E-003
   107.50000000000000       0.77500000000000002        4.5312388000000002E-003
   107.50000000000000       0.82499999999999996        1.8118153000000001E-003
   107.50000000000000       0.87500000000000000        1.8899727999999998E-003
   107.50000000000000       0.92500000000000004       -2.7074800000000007E-004
   107.50000000000000       0.97499999999999998        9.3329479999999993E-004
   112.50000000000000        2.5000000000000001E-002   3.8004660000000002E-003
   112.50000000000000        7.4999999999999997E-002   5.2394219999999997E-003
   112.50000000000000       0.12500000000000000        3.1045809999999999E-003
   112.50000000000000       0.17499999999999999        4.9496879999999998E-003
   112.50000000000000       0.22500000000000001        5.0298280000000001E-003
   112.50000000000000       0.27500000000000002        5.3637500000000005E-003
   112.50000000000000       0.32500000000000001        7.3274080000000005E-003
   112.50000000000000       0.37500000000000000        5.9016980000000004E-003
   112.50000000000000       0.42499999999999999        4.5270639999999999E-003
   112.50000000000000       0.47499999999999998        5.4020740000000015E-003
   112.50000000000000       0.52500000000000002        3.3897099999999998E-003
   112.50000000000000       0.57499999999999996        2.7162039999999998E-003
   112.50000000000000       0.62500000000000000        2.5234077999999999E-003
   112.50000000000000       0.67500000000000004        3.7212859999999999E-003
   112.50000000000000       0.72499999999999998        1.3054943999999998E-003
   112.50000000000000       0.77500000000000002        1.9358133999999999E-003
   112.50000000000000       0.82499999999999996        1.2981357999999998E-003
   112.50000000000000       0.87500000000000000        4.5449560000000001E-004
   112.50000000000000       0.92500000000000004        8.1015801999999998E-004
   112.50000000000000       0.97499999999999998       -1.4827357999999999E-004
   117.50000000000000        2.5000000000000001E-002   3.3675310000000000E-003
   117.50000000000000        7.4999999999999997E-002   4.3167785999999996E-003
   117.50000000000000       0.12500000000000000        3.9716902000000000E-003
   117.50000000000000       0.17499999999999999        3.1320138000000006E-003
   117.50000000000000       0.22500000000000001        4.0954019999999997E-003
   117.50000000000000       0.27500000000000002        4.3970240000000002E-003
   117.50000000000000       0.32500000000000001        5.7254360000000004E-003
   117.50000000000000       0.37500000000000000        4.8027959999999998E-003
   117.50000000000000       0.42499999999999999        2.2632145999999997E-003
   117.50000000000000       0.47499999999999998        3.7774460000000003E-003
   117.50000000000000       0.52500000000000002       -2.5298219999999997E-004
   117.50000000000000       0.57499999999999996        8.5826640000000003E-004
   117.50000000000000       0.62500000000000000        2.8819805999999999E-003
   117.50000000000000       0.67500000000000004        7.9929549799999996E-004
   117.50000000000000       0.72499999999999998        2.6401320000000003E-003
   117.50000000000000       0.77500000000000002       -2.7117080000000000E-004
   117.50000000000000       0.82499999999999996       -1.9819799999999999E-004
   117.50000000000000       0.87500000000000000       -3.6490118000000000E-003
   117.50000000000000       0.92500000000000004        4.2298999999999999E-004
   117.50000000000000       0.97499999999999998        6.2223320000000010E-004
   122.50000000000000        2.5000000000000001E-002   2.2425700000000002E-003
   122.50000000000000        7.4999999999999997E-002   2.7208020000000000E-003
   122.50000000000000       0.12500000000000000        2.2212960000000002E-003
   122.50000000000000       0.17499999999999999        2.5146980000000001E-003
   122.50000000000000       0.22500000000000001        4.2574639999999999E-003
   122.50000000000000       0.27500000000000002        3.2477560000000001E-003
   122.50000000000000       0.32500000000000001        3.5710280000000004E-003
   122.50000000000000       0.37500000000000000        5.1345760000000001E-003
   122.50000000000000       0.42499999999999999        4.3785779999999993E-003
   122.50000000000000       0.47499999999999998        2.9124138000000003E-003
   122.50000000000000       0.52500000000000002        1.2928342000000002E-003
   122.50000000000000       0.57499999999999996        1.2458313999999999E-003
   122.50000000000000       0.62500000000000000        2.4529660000000000E-003
   122.50000000000000       0.67500000000000004       -1.1430995999999998E-003
   122.50000000000000       0.72499999999999998        1.6671941999999999E-003
   122.50000000000000       0.77500000000000002       -6.1713200000000005E-004
   122.50000000000000       0.82499999999999996       -3.8700160000000004E-003
   122.50000000000000       0.87500000000000000       -3.6938680000000003E-003
   122.50000000000000       0.92500000000000004       -6.5709920000000014E-004
   122.50000000000000       0.97499999999999998       -1.5374978000000001E-003
   127.50000000000000        2.5000000000000001E-002   1.2347158000000000E-003
   127.50000000000000        7.4999999999999997E-002   4.7954379999999991E-003
   127.50000000000000       0.12500000000000000        4.6508039999999997E-003
   127.50000000000000       0.17499999999999999        3.6406634200000002E-003
   127.50000000000000       0.22500000000000001        3.7804100000000001E-003
   127.50000000000000       0.27500000000000002        1.0460246540000000E-003
   127.50000000000000       0.32500000000000001        4.4181280000000003E-003
   127.50000000000000       0.37500000000000000        4.7983159999999995E-003
   127.50000000000000       0.42499999999999999        3.6765200000000000E-003
   127.50000000000000       0.47499999999999998       -1.9301895999999999E-003
   127.50000000000000       0.52500000000000002        4.8307399999999998E-005
   127.50000000000000       0.57499999999999996       -1.0001811999999998E-003
   127.50000000000000       0.62500000000000000        1.0360742599999999E-003
   127.50000000000000       0.67500000000000004        1.4186560000000007E-004
   127.50000000000000       0.72499999999999998       -7.4749039999999988E-004
   127.50000000000000       0.77500000000000002       -2.9151120000000001E-003
   127.50000000000000       0.82499999999999996       -3.5494899999999998E-003
   127.50000000000000       0.87500000000000000       -1.6500841999999999E-003
   127.50000000000000       0.92500000000000004       -8.4992540000000032E-004
   127.50000000000000       0.97499999999999998        3.3479548000000005E-003
   132.50000000000000        2.5000000000000001E-002   1.0399386000000000E-003
   132.50000000000000        7.4999999999999997E-002   4.4763720000000002E-003
   132.50000000000000       0.12500000000000000        2.6914218000000001E-003
   132.50000000000000       0.17499999999999999        6.3845899999999999E-003
   132.50000000000000       0.22500000000000001        2.9349542000000001E-003
   132.50000000000000       0.27500000000000002        1.6796148000000001E-003
   132.50000000000000       0.32500000000000001        2.8108185999999999E-003
   132.50000000000000       0.37500000000000000        2.5236261999999998E-003
   132.50000000000000       0.42499999999999999        9.0267379999999994E-004
   132.50000000000000       0.47499999999999998       -1.7722120000000002E-004
   132.50000000000000       0.52500000000000002        1.2401852000000001E-003
   132.50000000000000       0.57499999999999996       -6.7014320000000007E-004
   132.50000000000000       0.62500000000000000       -3.6132799999999995E-004
   132.50000000000000       0.67500000000000004       -1.1848796000000000E-003
   132.50000000000000       0.72499999999999998       -2.2513565999999997E-003
   132.50000000000000       0.77500000000000002       -2.7810077999999997E-003
   132.50000000000000       0.82499999999999996       -1.5223419999999999E-003
   132.50000000000000       0.87500000000000000       -3.0503778000000002E-003
   132.50000000000000       0.92500000000000004       -2.2069220000000001E-003
   132.50000000000000       0.97499999999999998        2.1801164000000003E-003
   137.50000000000000        2.5000000000000001E-002   1.1699846099999999E-003
   137.50000000000000        7.4999999999999997E-002   1.9612980000000002E-003
   137.50000000000000       0.12500000000000000        1.5555440000000001E-003
   137.50000000000000       0.17499999999999999        4.0715219999999993E-003
   137.50000000000000       0.22500000000000001        2.3518870000000000E-003
   137.50000000000000       0.27500000000000002        5.7339200000000004E-004
   137.50000000000000       0.32500000000000001        1.5606646000000002E-003
   137.50000000000000       0.37500000000000000        2.8782423600000003E-003
   137.50000000000000       0.42499999999999999        2.0446379999999997E-003
   137.50000000000000       0.47499999999999998       -7.1428840000000002E-004
   137.50000000000000       0.52500000000000002        4.8225760000000003E-004
   137.50000000000000       0.57499999999999996       -1.0215814000000001E-003
   137.50000000000000       0.62500000000000000       -1.8030427799999997E-004
   137.50000000000000       0.67500000000000004       -3.5096020000000006E-004
   137.50000000000000       0.72499999999999998       -2.1868399999999998E-003
   137.50000000000000       0.77500000000000002       -1.0841332000000000E-003
   137.50000000000000       0.82499999999999996       -2.4556055999999998E-003
   137.50000000000000       0.87500000000000000       -3.4982379999999999E-003
   137.50000000000000       0.92500000000000004       -2.8329839600000004E-003
   137.50000000000000       0.97499999999999998       -8.0552140000000015E-004
   142.50000000000000        2.5000000000000001E-002   1.0034544000000001E-003
   142.50000000000000        7.4999999999999997E-002   1.8642874000000000E-003
   142.50000000000000       0.12500000000000000        4.4022319999999998E-003
   142.50000000000000       0.17499999999999999        3.8426577999999996E-003
   142.50000000000000       0.22500000000000001        2.5536561999999997E-003
   142.50000000000000       0.27500000000000002       -3.4618000000000020E-005
   142.50000000000000       0.32500000000000001        7.6371840000000006E-004
   142.50000000000000       0.37500000000000000       -4.0550600000000099E-005
   142.50000000000000       0.42499999999999999        2.2745979999999993E-004
   142.50000000000000       0.47499999999999998       -9.2914983999999989E-004
   142.50000000000000       0.52500000000000002        1.1433315999999998E-003
   142.50000000000000       0.57499999999999996        2.0476380000000006E-004
   142.50000000000000       0.62500000000000000       -4.2482599999999995E-004
   142.50000000000000       0.67500000000000004       -1.2051660000000001E-003
   142.50000000000000       0.72499999999999998        7.5938199999999996E-004
   142.50000000000000       0.77500000000000002       -1.2300878000000000E-003
   142.50000000000000       0.82499999999999996       -2.8453296000000004E-003
   142.50000000000000       0.87500000000000000       -5.0726640000000002E-003
   142.50000000000000       0.92500000000000004       -8.0403781999999983E-004
   142.50000000000000       0.97499999999999998       -9.1440059999999977E-004
   147.50000000000000        2.5000000000000001E-002   1.4160268000000000E-003
   147.50000000000000        7.4999999999999997E-002   2.5243440000000004E-003
   147.50000000000000       0.12500000000000000        3.6117299999999996E-003
   147.50000000000000       0.17499999999999999        2.3420292000000003E-003
   147.50000000000000       0.22500000000000001        1.0384389999999999E-003
   147.50000000000000       0.27500000000000002        1.9270360000000000E-003
   147.50000000000000       0.32500000000000001        6.2825999999999337E-006
   147.50000000000000       0.37500000000000000       -2.3039999999999991E-004
   147.50000000000000       0.42499999999999999        5.1762599999999976E-004
   147.50000000000000       0.47499999999999998       -6.8086000000000012E-005
   147.50000000000000       0.52500000000000002       -6.5457340000000001E-004
   147.50000000000000       0.57499999999999996       -1.5510868599999999E-003
   147.50000000000000       0.62500000000000000       -2.1577385999999995E-003
   147.50000000000000       0.67500000000000004        1.1467234000000000E-003
   147.50000000000000       0.72499999999999998        1.0662867200000000E-003
   147.50000000000000       0.77500000000000002       -6.8041999999999888E-005
   147.50000000000000       0.82499999999999996       -1.1919843999999998E-003
   147.50000000000000       0.87500000000000000       -3.6802259999999995E-003
   147.50000000000000       0.92500000000000004       -2.8942880000000001E-003
   147.50000000000000       0.97499999999999998       -1.3196214000000001E-003
