   2.7500000e+01   2.5000000e-02  -3.3221958e+01
   2.7500000e+01   7.5000000e-02  -3.3173856e+01
   2.7500000e+01   1.2500000e-01  -3.1481831e+01
   2.7500000e+01   1.7500000e-01  -3.0885934e+01
   2.7500000e+01   2.2500000e-01  -2.7372265e+01
   2.7500000e+01   2.7500000e-01  -2.5718803e+01
   2.7500000e+01   3.2500000e-01  -2.3193448e+01
   2.7500000e+01   3.7500000e-01  -1.9180150e+01
   2.7500000e+01   4.2500000e-01  -1.6141750e+01
   2.7500000e+01   4.7500000e-01  -1.2874706e+01
   2.7500000e+01   5.2500000e-01  -9.2270982e+00
   2.7500000e+01   5.7500000e-01  -5.5427857e+00
   2.7500000e+01   6.2500000e-01  -2.0026759e+00
   2.7500000e+01   6.7500000e-01   1.5718993e+00
   2.7500000e+01   7.2500000e-01   4.1194427e+00
   2.7500000e+01   7.7500000e-01   6.0091202e+00
   2.7500000e+01   8.2500000e-01   8.6006919e+00
   2.7500000e+01   8.7500000e-01   9.2630072e+00
   2.7500000e+01   9.2500000e-01   8.8475970e+00
   2.7500000e+01   9.7500000e-01   8.1224086e+00
   3.2500000e+01   2.5000000e-02  -1.2477859e+01
   3.2500000e+01   7.5000000e-02  -1.1633666e+01
   3.2500000e+01   1.2500000e-01  -1.1936301e+01
   3.2500000e+01   1.7500000e-01  -9.7366145e+00
   3.2500000e+01   2.2500000e-01  -8.5024961e+00
   3.2500000e+01   2.7500000e-01  -8.7623283e+00
   3.2500000e+01   3.2500000e-01  -5.6749162e+00
   3.2500000e+01   3.7500000e-01  -4.1235292e+00
   3.2500000e+01   4.2500000e-01  -2.6123440e+00
   3.2500000e+01   4.7500000e-01  -5.5056413e-01
   3.2500000e+01   5.2500000e-01   4.1151600e-01
   3.2500000e+01   5.7500000e-01   2.2159818e+00
   3.2500000e+01   6.2500000e-01   3.2134806e+00
   3.2500000e+01   6.7500000e-01   5.1423299e+00
   3.2500000e+01   7.2500000e-01   5.1355047e+00
   3.2500000e+01   7.7500000e-01   5.3716797e+00
   3.2500000e+01   8.2500000e-01   5.2689445e+00
   3.2500000e+01   8.7500000e-01   3.9139257e+00
   3.2500000e+01   9.2500000e-01   3.1656558e+00
   3.2500000e+01   9.7500000e-01   5.0072357e-01
   3.7500000e+01   2.5000000e-02  -3.7173213e+00
   3.7500000e+01   7.5000000e-02  -3.6823058e+00
   3.7500000e+01   1.2500000e-01  -3.8183333e+00
   3.7500000e+01   1.7500000e-01  -2.6182836e+00
   3.7500000e+01   2.2500000e-01  -2.8184832e+00
   3.7500000e+01   2.7500000e-01  -1.7078481e+00
   3.7500000e+01   3.2500000e-01  -1.0881555e+00
   3.7500000e+01   3.7500000e-01  -1.4336497e+00
   3.7500000e+01   4.2500000e-01   3.7650453e-01
   3.7500000e+01   4.7500000e-01   8.6191658e-01
   3.7500000e+01   5.2500000e-01   1.9195391e+00
   3.7500000e+01   5.7500000e-01   2.1659097e+00
   3.7500000e+01   6.2500000e-01   4.2844079e+00
   3.7500000e+01   6.7500000e-01   3.0584924e+00
   3.7500000e+01   7.2500000e-01   3.9448020e+00
   3.7500000e+01   7.7500000e-01   3.7672755e+00
   3.7500000e+01   8.2500000e-01   2.8753011e+00
   3.7500000e+01   8.7500000e-01   3.2451353e+00
   3.7500000e+01   9.2500000e-01   1.4197252e+00
   3.7500000e+01   9.7500000e-01  -1.1633610e+00
   4.2500000e+01   2.5000000e-02  -1.3069364e+00
   4.2500000e+01   7.5000000e-02  -2.0626652e+00
   4.2500000e+01   1.2500000e-01   4.7371861e-01
   4.2500000e+01   1.7500000e-01  -1.0971381e+00
   4.2500000e+01   2.2500000e-01  -2.4733659e-01
   4.2500000e+01   2.7500000e-01  -1.4686789e+00
   4.2500000e+01   3.2500000e-01   7.1141636e-01
   4.2500000e+01   3.7500000e-01  -1.6970718e-01
   4.2500000e+01   4.2500000e-01   1.0289713e+00
   4.2500000e+01   4.7500000e-01   4.7638995e-01
   4.2500000e+01   5.2500000e-01   9.1778714e-01
   4.2500000e+01   5.7500000e-01   1.1173422e+00
   4.2500000e+01   6.2500000e-01   1.9128441e+00
   4.2500000e+01   6.7500000e-01   2.5765738e+00
   4.2500000e+01   7.2500000e-01   2.4204346e+00
   4.2500000e+01   7.7500000e-01   1.3119304e+00
   4.2500000e+01   8.2500000e-01   2.6098561e+00
   4.2500000e+01   8.7500000e-01   7.6657158e-01
   4.2500000e+01   9.2500000e-01  -1.7193790e-01
   4.2500000e+01   9.7500000e-01  -1.8928981e+00
   4.7500000e+01   2.5000000e-02   4.1362792e+00
   4.7500000e+01   7.5000000e-02  -1.8473475e+00
   4.7500000e+01   1.2500000e-01   1.8185095e+00
   4.7500000e+01   1.7500000e-01   1.9627723e+00
   4.7500000e+01   2.2500000e-01   2.8552461e+00
   4.7500000e+01   2.7500000e-01   4.1545120e-01
   4.7500000e+01   3.2500000e-01   1.7000681e+00
   4.7500000e+01   3.7500000e-01   3.5957233e+00
   4.7500000e+01   4.2500000e-01   4.6289909e+00
   4.7500000e+01   4.7500000e-01  -1.1053664e-01
   4.7500000e+01   5.2500000e-01  -5.9067424e-01
   4.7500000e+01   5.7500000e-01   4.4342604e+00
   4.7500000e+01   6.2500000e-01   1.7292536e+00
   4.7500000e+01   6.7500000e-01   5.0658732e+00
   4.7500000e+01   7.2500000e-01   1.8458515e+00
   4.7500000e+01   7.7500000e-01   1.3570192e+00
   4.7500000e+01   8.2500000e-01   1.3874434e+00
   4.7500000e+01   8.7500000e-01  -4.2172681e-01
   4.7500000e+01   9.2500000e-01  -1.8535082e-01
   4.7500000e+01   9.7500000e-01  -2.8767033e+00
   5.2500000e+01   2.5000000e-02  -5.6698821e+00
   5.2500000e+01   7.5000000e-02  -4.9740118e+00
   5.2500000e+01   1.2500000e-01  -5.4716055e+00
   5.2500000e+01   1.7500000e-01  -6.6458057e+00
   5.2500000e+01   2.2500000e-01  -5.6506865e+00
   5.2500000e+01   2.7500000e-01  -5.3119409e+00
   5.2500000e+01   3.2500000e-01  -3.8870423e+00
   5.2500000e+01   3.7500000e-01  -7.4430870e+00
   5.2500000e+01   4.2500000e-01  -4.9516968e+00
   5.2500000e+01   4.7500000e-01  -1.5959656e+00
   5.2500000e+01   5.2500000e-01   1.6781148e+00
   5.2500000e+01   5.7500000e-01  -6.1173945e-01
   5.2500000e+01   6.2500000e-01  -5.6618036e+00
   5.2500000e+01   6.7500000e-01  -3.8963352e-01
   5.2500000e+01   7.2500000e-01   4.9746743e+00
   5.2500000e+01   7.7500000e-01   2.9959275e-01
   5.2500000e+01   8.2500000e-01   5.4337354e-01
   5.2500000e+01   8.7500000e-01   4.2076109e+00
   5.2500000e+01   9.2500000e-01  -8.2467632e-01
   5.2500000e+01   9.7500000e-01  -2.1774442e+00
   5.7500000e+01   2.5000000e-02   7.6699647e+00
   5.7500000e+01   7.5000000e-02   9.1701117e+00
   5.7500000e+01   1.2500000e-01   9.1178213e+00
   5.7500000e+01   1.7500000e-01   8.5155966e+00
   5.7500000e+01   2.2500000e-01   7.7553665e+00
   5.7500000e+01   2.7500000e-01   8.5102278e+00
   5.7500000e+01   3.2500000e-01   6.0865964e+00
   5.7500000e+01   3.7500000e-01   3.6023241e+00
   5.7500000e+01   4.2500000e-01   2.5074583e+00
   5.7500000e+01   4.7500000e-01   3.9353587e+00
   5.7500000e+01   5.2500000e-01   3.8671190e+00
   5.7500000e+01   5.7500000e-01   8.7389600e-01
   5.7500000e+01   6.2500000e-01   1.1613156e-01
   5.7500000e+01   6.7500000e-01   1.2100901e+00
   5.7500000e+01   7.2500000e-01   8.8219293e-01
   5.7500000e+01   7.7500000e-01  -9.7488623e-01
   5.7500000e+01   8.2500000e-01  -1.2173394e+00
   5.7500000e+01   8.7500000e-01  -1.0620790e+00
   5.7500000e+01   9.2500000e-01  -4.5018514e+00
   5.7500000e+01   9.7500000e-01  -1.9357998e+00
   6.2500000e+01   2.5000000e-02  -1.3267856e+00
   6.2500000e+01   7.5000000e-02  -9.2521617e-01
   6.2500000e+01   1.2500000e-01   8.3589522e-01
   6.2500000e+01   1.7500000e-01   2.0689672e+00
   6.2500000e+01   2.2500000e-01   2.1679917e+00
   6.2500000e+01   2.7500000e-01   1.9265466e+00
   6.2500000e+01   3.2500000e-01   2.7230758e+00
   6.2500000e+01   3.7500000e-01   3.2421182e+00
   6.2500000e+01   4.2500000e-01   2.6867407e+00
   6.2500000e+01   4.7500000e-01   1.8630229e+00
   6.2500000e+01   5.2500000e-01   1.9201702e+00
   6.2500000e+01   5.7500000e-01   2.9775592e+00
   6.2500000e+01   6.2500000e-01   4.0240860e+00
   6.2500000e+01   6.7500000e-01   2.7420203e+00
   6.2500000e+01   7.2500000e-01   1.3710760e+00
   6.2500000e+01   7.7500000e-01   6.2134089e-01
   6.2500000e+01   8.2500000e-01   4.2339393e-01
   6.2500000e+01   8.7500000e-01  -9.3651289e-01
   6.2500000e+01   9.2500000e-01  -2.1514614e+00
   6.2500000e+01   9.7500000e-01  -2.1104011e+00
   6.7500000e+01   2.5000000e-02  -1.2383164e+01
   6.7500000e+01   7.5000000e-02  -1.2141096e+01
   6.7500000e+01   1.2500000e-01  -1.2132025e+01
   6.7500000e+01   1.7500000e-01  -1.0786199e+01
   6.7500000e+01   2.2500000e-01  -9.6481107e+00
   6.7500000e+01   2.7500000e-01  -8.8081036e+00
   6.7500000e+01   3.2500000e-01  -7.6531055e+00
   6.7500000e+01   3.7500000e-01  -5.2834093e+00
   6.7500000e+01   4.2500000e-01  -4.5512224e+00
   6.7500000e+01   4.7500000e-01  -4.4846472e+00
   6.7500000e+01   5.2500000e-01  -3.9000875e+00
   6.7500000e+01   5.7500000e-01  -1.9784742e+00
   6.7500000e+01   6.2500000e-01  -8.9573224e-01
   6.7500000e+01   6.7500000e-01  -5.3049048e-01
   6.7500000e+01   7.2500000e-01  -9.8237797e-01
   6.7500000e+01   7.7500000e-01  -3.9844175e-01
   6.7500000e+01   8.2500000e-01   1.2617678e+00
   6.7500000e+01   8.7500000e-01   1.4548020e+00
   6.7500000e+01   9.2500000e-01   1.2851937e-01
   6.7500000e+01   9.7500000e-01  -2.8000567e+00
   7.2500000e+01   2.5000000e-02  -9.9579094e+00
   7.2500000e+01   7.5000000e-02  -1.0974877e+01
   7.2500000e+01   1.2500000e-01  -1.0812240e+01
   7.2500000e+01   1.7500000e-01  -1.1398373e+01
   7.2500000e+01   2.2500000e-01  -1.1099800e+01
   7.2500000e+01   2.7500000e-01  -1.0496300e+01
   7.2500000e+01   3.2500000e-01  -8.0529318e+00
   7.2500000e+01   3.7500000e-01  -8.0363013e+00
   7.2500000e+01   4.2500000e-01  -7.2604736e+00
   7.2500000e+01   4.7500000e-01  -7.2192885e+00
   7.2500000e+01   5.2500000e-01  -5.4147085e+00
   7.2500000e+01   5.7500000e-01  -4.8528270e+00
   7.2500000e+01   6.2500000e-01  -3.5755918e+00
   7.2500000e+01   6.7500000e-01  -4.1014636e+00
   7.2500000e+01   7.2500000e-01  -4.3514102e+00
   7.2500000e+01   7.7500000e-01  -2.8446429e+00
   7.2500000e+01   8.2500000e-01  -5.0191054e-01
   7.2500000e+01   8.7500000e-01   1.4227976e+00
   7.2500000e+01   9.2500000e-01   3.4529341e-01
   7.2500000e+01   9.7500000e-01  -2.4981814e+00
   7.7500000e+01   2.5000000e-02   3.4595115e-01
   7.7500000e+01   7.5000000e-02   4.5685262e-02
   7.7500000e+01   1.2500000e-01  -7.7002768e-01
   7.7500000e+01   1.7500000e-01  -1.1969071e+00
   7.7500000e+01   2.2500000e-01  -1.5373881e+00
   7.7500000e+01   2.7500000e-01  -8.9115707e-01
   7.7500000e+01   3.2500000e-01  -1.4836892e+00
   7.7500000e+01   3.7500000e-01  -1.0512608e+00
   7.7500000e+01   4.2500000e-01  -1.9392512e+00
   7.7500000e+01   4.7500000e-01  -2.0152924e+00
   7.7500000e+01   5.2500000e-01  -2.1341580e+00
   7.7500000e+01   5.7500000e-01  -2.6413113e+00
   7.7500000e+01   6.2500000e-01  -2.0249766e+00
   7.7500000e+01   6.7500000e-01  -3.3761372e+00
   7.7500000e+01   7.2500000e-01  -3.6314382e+00
   7.7500000e+01   7.7500000e-01  -2.8062988e+00
   7.7500000e+01   8.2500000e-01  -1.8697591e+00
   7.7500000e+01   8.7500000e-01  -1.7162896e+00
   7.7500000e+01   9.2500000e-01  -1.7326921e+00
   7.7500000e+01   9.7500000e-01  -2.0143788e+00
   8.2500000e+01   2.5000000e-02   1.0133735e+01
   8.2500000e+01   7.5000000e-02   1.0125295e+01
   8.2500000e+01   1.2500000e-01   1.0169718e+01
   8.2500000e+01   1.7500000e-01   9.9296242e+00
   8.2500000e+01   2.2500000e-01   9.3439186e+00
   8.2500000e+01   2.7500000e-01   8.8798748e+00
   8.2500000e+01   3.2500000e-01   8.9293010e+00
   8.2500000e+01   3.7500000e-01   7.8548422e+00
   8.2500000e+01   4.2500000e-01   6.7817005e+00
   8.2500000e+01   4.7500000e-01   5.5004207e+00
   8.2500000e+01   5.2500000e-01   4.0573228e+00
   8.2500000e+01   5.7500000e-01   3.4533221e+00
   8.2500000e+01   6.2500000e-01   2.6627397e+00
   8.2500000e+01   6.7500000e-01   7.8022830e-01
   8.2500000e+01   7.2500000e-01   3.4622539e-01
   8.2500000e+01   7.7500000e-01   2.2186266e-01
   8.2500000e+01   8.2500000e-01   2.7162179e-02
   8.2500000e+01   8.7500000e-01  -1.7046582e+00
   8.2500000e+01   9.2500000e-01  -2.7119338e+00
   8.2500000e+01   9.7500000e-01  -1.1638217e+00
   8.7500000e+01   2.5000000e-02   1.4405757e+01
   8.7500000e+01   7.5000000e-02   1.5046538e+01
   8.7500000e+01   1.2500000e-01   1.5260581e+01
   8.7500000e+01   1.7500000e-01   1.5327778e+01
   8.7500000e+01   2.2500000e-01   1.4089842e+01
   8.7500000e+01   2.7500000e-01   1.4972182e+01
   8.7500000e+01   3.2500000e-01   1.4378986e+01
   8.7500000e+01   3.7500000e-01   1.3071419e+01
   8.7500000e+01   4.2500000e-01   1.1900646e+01
   8.7500000e+01   4.7500000e-01   1.0268494e+01
   8.7500000e+01   5.2500000e-01   9.7316984e+00
   8.7500000e+01   5.7500000e-01   8.5353136e+00
   8.7500000e+01   6.2500000e-01   6.7769885e+00
   8.7500000e+01   6.7500000e-01   5.7632673e+00
   8.7500000e+01   7.2500000e-01   4.6771510e+00
   8.7500000e+01   7.7500000e-01   2.6896267e+00
   8.7500000e+01   8.2500000e-01   1.9719944e+00
   8.7500000e+01   8.7500000e-01   7.5574626e-01
   8.7500000e+01   9.2500000e-01  -1.0978197e+00
   8.7500000e+01   9.7500000e-01  -5.4732187e-01
   9.2500000e+01   2.5000000e-02   1.1224635e+01
   9.2500000e+01   7.5000000e-02   1.2401862e+01
   9.2500000e+01   1.2500000e-01   1.2852562e+01
   9.2500000e+01   1.7500000e-01   1.3039729e+01
   9.2500000e+01   2.2500000e-01   1.3820117e+01
   9.2500000e+01   2.7500000e-01   1.4352836e+01
   9.2500000e+01   3.2500000e-01   1.3689298e+01
   9.2500000e+01   3.7500000e-01   1.3017433e+01
   9.2500000e+01   4.2500000e-01   1.2044924e+01
   9.2500000e+01   4.7500000e-01   1.0940909e+01
   9.2500000e+01   5.2500000e-01   1.0400690e+01
   9.2500000e+01   5.7500000e-01   9.2278364e+00
   9.2500000e+01   6.2500000e-01   8.3034213e+00
   9.2500000e+01   6.7500000e-01   7.1775728e+00
   9.2500000e+01   7.2500000e-01   6.4167806e+00
   9.2500000e+01   7.7500000e-01   5.2927026e+00
   9.2500000e+01   8.2500000e-01   3.9173277e+00
   9.2500000e+01   8.7500000e-01   3.5288557e+00
   9.2500000e+01   9.2500000e-01   1.4344413e+00
   9.2500000e+01   9.7500000e-01  -4.4282414e-01
   9.7500000e+01   2.5000000e-02   4.2313837e+00
   9.7500000e+01   7.5000000e-02   4.8201801e+00
   9.7500000e+01   1.2500000e-01   5.2767449e+00
   9.7500000e+01   1.7500000e-01   6.4096449e+00
   9.7500000e+01   2.2500000e-01   7.4100325e+00
   9.7500000e+01   2.7500000e-01   7.7184169e+00
   9.7500000e+01   3.2500000e-01   8.0616641e+00
   9.7500000e+01   3.7500000e-01   7.7690706e+00
   9.7500000e+01   4.2500000e-01   7.0755880e+00
   9.7500000e+01   4.7500000e-01   6.6644548e+00
   9.7500000e+01   5.2500000e-01   6.5454511e+00
   9.7500000e+01   5.7500000e-01   6.4517331e+00
   9.7500000e+01   6.2500000e-01   5.9493568e+00
   9.7500000e+01   6.7500000e-01   5.2567755e+00
   9.7500000e+01   7.2500000e-01   4.6041438e+00
   9.7500000e+01   7.7500000e-01   5.1796710e+00
   9.7500000e+01   8.2500000e-01   4.9476911e+00
   9.7500000e+01   8.7500000e-01   4.5755705e+00
   9.7500000e+01   9.2500000e-01   2.3418131e+00
   9.7500000e+01   9.7500000e-01  -7.0283116e-01
   1.0250000e+02   2.5000000e-02  -4.8377516e+00
   1.0250000e+02   7.5000000e-02  -3.9995226e+00
   1.0250000e+02   1.2500000e-01  -2.9619448e+00
   1.0250000e+02   1.7500000e-01  -1.8577124e+00
   1.0250000e+02   2.2500000e-01  -9.4366730e-01
   1.0250000e+02   2.7500000e-01  -5.3768141e-02
   1.0250000e+02   3.2500000e-01   5.6665938e-01
   1.0250000e+02   3.7500000e-01   2.4656628e-01
   1.0250000e+02   4.2500000e-01   2.1734186e-01
   1.0250000e+02   4.7500000e-01   2.1128236e-01
   1.0250000e+02   5.2500000e-01  -3.9781318e-03
   1.0250000e+02   5.7500000e-01   7.5719595e-01
   1.0250000e+02   6.2500000e-01   7.6323107e-01
   1.0250000e+02   6.7500000e-01   1.5700591e+00
   1.0250000e+02   7.2500000e-01   2.1411811e+00
   1.0250000e+02   7.7500000e-01   3.1601747e+00
   1.0250000e+02   8.2500000e-01   3.9947079e+00
   1.0250000e+02   8.7500000e-01   4.6527161e+00
   1.0250000e+02   9.2500000e-01   2.1978811e+00
   1.0250000e+02   9.7500000e-01  -1.4902830e+00
   1.0750000e+02   2.5000000e-02  -1.1066704e+01
   1.0750000e+02   7.5000000e-02  -1.0787286e+01
   1.0750000e+02   1.2500000e-01  -9.5209687e+00
   1.0750000e+02   1.7500000e-01  -8.2870675e+00
   1.0750000e+02   2.2500000e-01  -7.1594876e+00
   1.0750000e+02   2.7500000e-01  -6.2365512e+00
   1.0750000e+02   3.2500000e-01  -6.2708114e+00
   1.0750000e+02   3.7500000e-01  -6.1944633e+00
   1.0750000e+02   4.2500000e-01  -6.3651052e+00
   1.0750000e+02   4.7500000e-01  -6.0337187e+00
   1.0750000e+02   5.2500000e-01  -5.6536676e+00
   1.0750000e+02   5.7500000e-01  -4.6625213e+00
   1.0750000e+02   6.2500000e-01  -3.7089675e+00
   1.0750000e+02   6.7500000e-01  -2.8231067e+00
   1.0750000e+02   7.2500000e-01  -1.2778725e+00
   1.0750000e+02   7.7500000e-01   2.3916641e-02
   1.0750000e+02   8.2500000e-01   1.9096269e+00
   1.0750000e+02   8.7500000e-01   1.7884173e+00
   1.0750000e+02   9.2500000e-01   9.3044256e-01
   1.0750000e+02   9.7500000e-01  -1.1376526e+00
   1.1250000e+02   2.5000000e-02  -1.4590343e+01
   1.1250000e+02   7.5000000e-02  -1.3972162e+01
   1.1250000e+02   1.2500000e-01  -1.2428475e+01
   1.1250000e+02   1.7500000e-01  -1.2113522e+01
   1.1250000e+02   2.2500000e-01  -1.0207692e+01
   1.1250000e+02   2.7500000e-01  -9.4315449e+00
   1.1250000e+02   3.2500000e-01  -9.4646563e+00
   1.1250000e+02   3.7500000e-01  -1.0003423e+01
   1.1250000e+02   4.2500000e-01  -1.0272971e+01
   1.1250000e+02   4.7500000e-01  -1.0151692e+01
   1.1250000e+02   5.2500000e-01  -9.3943174e+00
   1.1250000e+02   5.7500000e-01  -8.8978769e+00
   1.1250000e+02   6.2500000e-01  -7.3001532e+00
   1.1250000e+02   6.7500000e-01  -5.7920109e+00
   1.1250000e+02   7.2500000e-01  -4.0134938e+00
   1.1250000e+02   7.7500000e-01  -2.4628572e+00
   1.1250000e+02   8.2500000e-01  -7.5154801e-01
   1.1250000e+02   8.7500000e-01  -1.6217069e-01
   1.1250000e+02   9.2500000e-01  -7.1517648e-01
   1.1250000e+02   9.7500000e-01  -8.0741463e-01
   1.1750000e+02   2.5000000e-02  -1.3738977e+01
   1.1750000e+02   7.5000000e-02  -1.3311439e+01
   1.1750000e+02   1.2500000e-01  -1.2054998e+01
   1.1750000e+02   1.7500000e-01  -1.0944716e+01
   1.1750000e+02   2.2500000e-01  -1.0036649e+01
   1.1750000e+02   2.7500000e-01  -9.1312993e+00
   1.1750000e+02   3.2500000e-01  -9.8794323e+00
   1.1750000e+02   3.7500000e-01  -1.0633143e+01
   1.1750000e+02   4.2500000e-01  -1.0952976e+01
   1.1750000e+02   4.7500000e-01  -1.1210793e+01
   1.1750000e+02   5.2500000e-01  -1.0481508e+01
   1.1750000e+02   5.7500000e-01  -9.0030305e+00
   1.1750000e+02   6.2500000e-01  -8.0964237e+00
   1.1750000e+02   6.7500000e-01  -6.2639944e+00
   1.1750000e+02   7.2500000e-01  -5.0303788e+00
   1.1750000e+02   7.7500000e-01  -4.0317013e+00
   1.1750000e+02   8.2500000e-01  -2.7020302e+00
   1.1750000e+02   8.7500000e-01  -2.3134965e+00
   1.1750000e+02   9.2500000e-01  -2.4433284e+00
   1.1750000e+02   9.7500000e-01   1.6373204e-01
   1.2250000e+02   2.5000000e-02  -1.0335022e+01
   1.2250000e+02   7.5000000e-02  -9.9434229e+00
   1.2250000e+02   1.2500000e-01  -9.0297076e+00
   1.2250000e+02   1.7500000e-01  -7.7130395e+00
   1.2250000e+02   2.2500000e-01  -7.0961222e+00
   1.2250000e+02   2.7500000e-01  -6.1596656e+00
   1.2250000e+02   3.2500000e-01  -6.5682107e+00
   1.2250000e+02   3.7500000e-01  -8.0853831e+00
   1.2250000e+02   4.2500000e-01  -8.7486107e+00
   1.2250000e+02   4.7500000e-01  -9.0956230e+00
   1.2250000e+02   5.2500000e-01  -8.3041761e+00
   1.2250000e+02   5.7500000e-01  -7.2758363e+00
   1.2250000e+02   6.2500000e-01  -6.1748475e+00
   1.2250000e+02   6.7500000e-01  -4.5672641e+00
   1.2250000e+02   7.2500000e-01  -4.2343989e+00
   1.2250000e+02   7.7500000e-01  -3.9451771e+00
   1.2250000e+02   8.2500000e-01  -3.6350529e+00
   1.2250000e+02   8.7500000e-01  -3.0097654e+00
   1.2250000e+02   9.2500000e-01  -3.4977752e+00
   1.2250000e+02   9.7500000e-01   7.5468036e-01
   1.2750000e+02   2.5000000e-02  -5.2564171e+00
   1.2750000e+02   7.5000000e-02  -4.4750453e+00
   1.2750000e+02   1.2500000e-01  -3.9442509e+00
   1.2750000e+02   1.7500000e-01  -3.0611766e+00
   1.2750000e+02   2.2500000e-01  -2.2128639e+00
   1.2750000e+02   2.7500000e-01  -1.5921846e+00
   1.2750000e+02   3.2500000e-01  -2.2236553e+00
   1.2750000e+02   3.7500000e-01  -4.2895138e+00
   1.2750000e+02   4.2500000e-01  -4.8775191e+00
   1.2750000e+02   4.7500000e-01  -5.3845453e+00
   1.2750000e+02   5.2500000e-01  -5.0086045e+00
   1.2750000e+02   5.7500000e-01  -3.9115692e+00
   1.2750000e+02   6.2500000e-01  -2.7115939e+00
   1.2750000e+02   6.7500000e-01  -1.7126523e+00
   1.2750000e+02   7.2500000e-01  -1.7416239e+00
   1.2750000e+02   7.7500000e-01  -2.5354076e+00
   1.2750000e+02   8.2500000e-01  -3.0269839e+00
   1.2750000e+02   8.7500000e-01  -3.4195663e+00
   1.2750000e+02   9.2500000e-01  -3.1191557e+00
   1.2750000e+02   9.7500000e-01   1.0355314e+00
   1.3250000e+02   2.5000000e-02   1.3713216e-01
   1.3250000e+02   7.5000000e-02   8.0650382e-01
   1.3250000e+02   1.2500000e-01   1.3937656e+00
   1.3250000e+02   1.7500000e-01   2.0081671e+00
   1.3250000e+02   2.2500000e-01   2.5358863e+00
   1.3250000e+02   2.7500000e-01   2.4649561e+00
   1.3250000e+02   3.2500000e-01   1.8920893e+00
   1.3250000e+02   3.7500000e-01   5.6599120e-01
   1.3250000e+02   4.2500000e-01  -7.3019772e-01
   1.3250000e+02   4.7500000e-01  -1.6027082e+00
   1.3250000e+02   5.2500000e-01  -9.7970433e-01
   1.3250000e+02   5.7500000e-01   3.5572983e-02
   1.3250000e+02   6.2500000e-01   1.3911861e+00
   1.3250000e+02   6.7500000e-01   1.0859326e+00
   1.3250000e+02   7.2500000e-01   9.9590886e-01
   1.3250000e+02   7.7500000e-01  -1.0714134e+00
   1.3250000e+02   8.2500000e-01  -2.1004204e+00
   1.3250000e+02   8.7500000e-01  -3.5406861e+00
   1.3250000e+02   9.2500000e-01  -3.2066603e+00
   1.3250000e+02   9.7500000e-01   1.0389687e+00
   1.3750000e+02   2.5000000e-02   4.7635885e+00
   1.3750000e+02   7.5000000e-02   5.1995596e+00
   1.3750000e+02   1.2500000e-01   5.8145704e+00
   1.3750000e+02   1.7500000e-01   6.4523998e+00
   1.3750000e+02   2.2500000e-01   6.6715107e+00
   1.3750000e+02   2.7500000e-01   6.5120366e+00
   1.3750000e+02   3.2500000e-01   5.5681931e+00
   1.3750000e+02   3.7500000e-01   4.3912051e+00
   1.3750000e+02   4.2500000e-01   2.9877124e+00
   1.3750000e+02   4.7500000e-01   2.2913353e+00
   1.3750000e+02   5.2500000e-01   2.4433998e+00
   1.3750000e+02   5.7500000e-01   3.8042552e+00
   1.3750000e+02   6.2500000e-01   4.0645754e+00
   1.3750000e+02   6.7500000e-01   3.9165571e+00
   1.3750000e+02   7.2500000e-01   3.0799621e+00
   1.3750000e+02   7.7500000e-01   4.9169965e-01
   1.3750000e+02   8.2500000e-01  -1.6429560e+00
   1.3750000e+02   8.7500000e-01  -2.3679998e+00
   1.3750000e+02   9.2500000e-01  -2.1417068e+00
   1.3750000e+02   9.7500000e-01   9.2220443e-01
   1.4250000e+02   2.5000000e-02   7.9014416e+00
   1.4250000e+02   7.5000000e-02   7.9672313e+00
   1.4250000e+02   1.2500000e-01   8.5631013e+00
   1.4250000e+02   1.7500000e-01   8.4483691e+00
   1.4250000e+02   2.2500000e-01   8.6298617e+00
   1.4250000e+02   2.7500000e-01   8.6540333e+00
   1.4250000e+02   3.2500000e-01   7.7641239e+00
   1.4250000e+02   3.7500000e-01   6.3401429e+00
   1.4250000e+02   4.2500000e-01   5.7013704e+00
   1.4250000e+02   4.7500000e-01   4.9309960e+00
   1.4250000e+02   5.2500000e-01   4.8301072e+00
   1.4250000e+02   5.7500000e-01   5.8306616e+00
   1.4250000e+02   6.2500000e-01   6.2022868e+00
   1.4250000e+02   6.7500000e-01   5.8288226e+00
   1.4250000e+02   7.2500000e-01   4.0434723e+00
   1.4250000e+02   7.7500000e-01   1.4478838e+00
   1.4250000e+02   8.2500000e-01  -5.8905662e-01
   1.4250000e+02   8.7500000e-01  -1.7770547e+00
   1.4250000e+02   9.2500000e-01  -1.7388846e+00
   1.4250000e+02   9.7500000e-01   1.2992862e+00
   1.4750000e+02   2.5000000e-02   8.6116811e+00
   1.4750000e+02   7.5000000e-02   8.7096124e+00
   1.4750000e+02   1.2500000e-01   9.0713701e+00
   1.4750000e+02   1.7500000e-01   9.4349928e+00
   1.4750000e+02   2.2500000e-01   9.4364146e+00
   1.4750000e+02   2.7500000e-01   9.0241088e+00
   1.4750000e+02   3.2500000e-01   8.2527228e+00
   1.4750000e+02   3.7500000e-01   7.2760631e+00
   1.4750000e+02   4.2500000e-01   6.4555059e+00
   1.4750000e+02   4.7500000e-01   5.9539517e+00
   1.4750000e+02   5.2500000e-01   6.0302240e+00
   1.4750000e+02   5.7500000e-01   6.1948842e+00
   1.4750000e+02   6.2500000e-01   6.6821823e+00
   1.4750000e+02   6.7500000e-01   5.8125808e+00
   1.4750000e+02   7.2500000e-01   4.1318677e+00
   1.4750000e+02   7.7500000e-01   1.8938521e+00
   1.4750000e+02   8.2500000e-01   2.5972589e-01
   1.4750000e+02   8.7500000e-01  -7.8404626e-01
   1.4750000e+02   9.2500000e-01  -9.9295838e-01
   1.4750000e+02   9.7500000e-01   7.2187051e-01
